 3.1511627906976742, 3.2051282051282053 
 3.2115384615384617, 3.263522884882108 
 4.7325, 4.2
 3.5789473684210527, 3.2149532710280373 
 3.6699029126213594, 3.611940298507463 
 4.173913043478261, 3.963855421686747 
 3.924119241192412, 3.608267716535433 
 4.25, 4.045454545454546 
 3.1875, 3.290909090909091 
 4.0, 3.857142857142857 
 3.090909090909091, 2.9863013698630136 
 4.0, 3.909090909090909 
 3.875, 4.016666666666667 
 3.9594594594594597, 3.8816326530612244 
 4.384615384615385, 4.359375 
 4.1875, 4.111111111111111 
 4.081818181818182, 3.8035714285714284 
 3.380952380952381, 3.3966101694915256 
 4.5, 4.234375 
